999
1 542
2 214
7 726
8 158
9 268
11 930
13 192
14 706
16 365
18 971
19 968
21 123
22 820
26 143
27 762
29 728
32 350
34 552
37 673
40 533
42 817
46 961
51 906
54 264
59 500
60 413
61 964
62 87
69 324
71 331
73 934
74 218
78 545
79 660
81 376
82 166
83 943
84 920
85 224
94 660
95 891
96 192
99 135
101 64
64 335
104 897
108 792
110 685
115 450
116 818
118 570
119 619
122 779
123 829
124 883
125 631
127 242
130 199
132 70
141 918
147 531
148 4
151 136
153 428
154 17
155 864
162 594
163 312
167 785
168 170
171 972
172 28
28 362
173 107
107 444
176 49
177 356
179 237
180 735
182 806
183 55
184 305
187 425
190 186
193 486
194 660
197 817
201 728
203 212
204 887
205 646
206 743
207 244
208 134
134 523
210 613
211 999
212 470
215 925
216 136
219 640
224 897
225 164
228 3
3 356
229 609
230 52
232 712
235 198
237 139
238 871
240 605
243 797
244 648
249 791
251 283
254 661
260 960
261 12
267 873
279 199
281 10
10 616
282 795
283 497
284 139
296 408
300 848
304 961
309 685
313 984
314 602
315 934
316 500
317 957
318 642
319 109
323 361
325 355
327 659
336 501
338 578
339 264
341 298
298 226
347 407
348 581
349 887
350 719
352 945
356 760
357 919
359 308
361 728
365 66
66 805
366 220
220 827
367 5
368 181
181 512
369 989
370 135
371 447
372 489
373 92
378 89
89 951
380 454
382 796
383 962
386 955
391 374
393 227
227 605
395 953
396 986
397 538
398 192
192 706
401 484
403 305
305 977
404 144
144 385
406 43
407 301
408 605
410 870
414 306
416 139
417 735
419 295
420 626
421 534
422 136
423 719
425 623
430 439
432 525
434 772
435 402
438 832
439 498
441 981
443 437
444 451
445 967
447 975
449 644
452 25
25 811
454 949
459 354
461 955
464 334
334 750
465 256
469 292
292 972
470 914
471 783
472 707
476 561
477 409
409 241
482 698
485 480
489 217
490 137
491 5
492 989
493 539
494 837
504 487
487 520
507 274
512 291
513 840
514 602
515 287
519 217
217 765
520 588
524 572
527 721
528 274
530 322
531 329
329 918
532 294
294 596
533 701
534 354
354 157
535 463
463 595
539 855
543 943
547 164
164 345
548 301
301 505
505 236
236 138
551 345
345 757
552 765
553 636
554 949
555 719
556 275
275 166
559 484
560 863
562 738
564 557
557 137
566 412
412 239
568 56
56 707
571 835
574 109
578 413
413 992
579 572
582 360
583 200
200 868
585 525
587 545
545 169
591 30
593 781
594 659
595 375
596 890
599 424
600 363
601 191
603 495
604 638
605 358
606 980
607 501
611 448
614 537
537 991
616 861
618 776
621 399
622 920
623 963
625 508
508 333
627 956
630 433
433 45
631 156
156 653
632 570
570 53
53 174
633 953
634 186
635 833
637 328
328 429
638 610
640 44
641 620
620 105
105 682
643 330
330 437
644 536
536 779
647 975
651 879
652 992
655 103
657 278
278 264
264 67
662 138
663 949
664 375
375 923
666 994
668 883
669 576
671 565
672 936
674 750
677 518
678 474
474 936
679 198
680 255
255 898
682 242
683 876
684 355
686 277
277 558
687 793
688 165
165 337
337 120
120 44
690 681
681 575
693 322
322 945
694 642
695 460
696 246
246 17
698 384
699 241
241 252
705 312
706 158
158 188
707 415
415 676
676 15
710 703
711 226
226 270
714 953
715 821
716 498
717 308
308 98
98 57
57 453
453 263
718 746
719 925
720 307
307 428
722 501
501 981
724 725
725 495
495 793
727 972
728 865
730 529
731 565
735 117
117 842
736 723
723 658
737 609
609 751
738 673
673 312
312 977
740 295
742 265
743 150
744 794
746 925
747 248
248 851
748 379
749 863
752 597
753 656
656 522
754 377
755 157
758 503
503 455
759 5
761 297
762 779
763 870
765 178
178 344
344 987
766 20
20 67
67 645
645 629
629 170
170 670
670 293
293 499
769 966
770 910
771 650
776 760
760 836
778 898
779 963
780 567
567 114
781 912
783 223
223 636
636 290
290 733
784 140
140 97
97 90
90 789
785 876
787 960
790 967
791 572
572 299
299 340
340 639
639 297
297 321
321 161
161 967
792 615
794 660
795 285
285 525
525 310
800 45
45 713
805 561
806 360
360 280
280 675
675 273
807 856
809 311
311 563
563 941
810 803
811 12
12 31
814 592
592 888
815 991
816 912
817 460
819 642
642 252
820 451
451 939
822 925
823 612
824 259
259 540
540 624
624 544
825 418
418 935
828 942
829 131
131 496
496 302
302 764
764 523
830 575
575 972
833 186
186 138
836 913
838 990
839 502
502 944
840 934
843 390
390 287
845 198
198 202
202 929
846 450
847 653
850 221
221 376
851 617
854 480
855 268
268 242
242 24
24 38
38 529
529 966
859 522
861 377
864 269
269 286
286 900
865 844
844 258
866 86
86 335
335 523
523 428
428 837
837 467
867 363
363 580
580 106
106 561
868 782
782 35
35 364
364 788
788 608
608 92
92 757
869 88
88 712
870 999
871 113
872 751
751 880
873 431
431 273
874 257
876 700
700 911
879 509
509 897
881 169
169 948
882 584
883 692
885 376
376 773
773 511
886 91
91 353
353 617
617 5
887 488
488 4
4 721
721 276
276 613
613 813
889 33
890 701
701 877
891 385
385 166
166 628
892 265
265 598
598 901
894 875
875 650
650 812
896 384
898 899
903 333
333 332
332 483
904 377
906 709
907 257
257 888
888 152
908 962
909 857
911 157
157 450
913 862
862 878
916 726
726 827
827 43
43 112
112 880
918 921
919 497
497 47
47 901
901 114
114 997
920 803
803 989
921 999
924 967
926 374
374 899
899 653
927 58
58 734
928 30
30 767
767 343
343 271
930 272
272 306
931 128
128 429
429 756
756 342
342 660
932 835
835 521
521 703
703 947
933 402
402 976
934 796
935 801
801 878
878 910
910 798
798 33
936 252
252 149
149 0
941 626
626 48
48 5
5 36
36 135
943 388
388 804
804 478
478 659
659 76
76 136
136 139
139 857
944 245
245 834
834 517
517 80
945 355
355 573
946 379
379 757
757 549
947 175
949 558
953 427
955 437
437 708
708 460
460 689
689 858
858 813
956 667
960 258
258 818
818 704
704 745
745 558
558 860
860 576
576 569
961 288
962 712
963 709
964 145
145 957
957 895
895 15
965 389
389 602
966 588
967 768
968 712
969 137
137 295
295 270
270 917
917 733
733 331
331 377
970 774
774 541
541 542
542 442
442 799
799 713
713 498
498 897
971 271
271 358
358 473
473 841
841 646
972 185
185 550
550 143
974 143
143 797
797 510
510 884
884 399
399 450
450 653
976 111
978 588
588 948
948 734
734 857
857 33
33 65
65 586
586 808
979 958
980 129
981 250
250 109
109 842
842 100
100 6
6 113
113 458
458 479
479 954
954 456
456 665
665 856
856 951
951 160
160 653
653 462
462 44
44 405
405 912
912 49
982 516
516 852
852 998
983 602
602 709
709 31
31 667
667 648
648 191
191 977
977 777
984 793
793 87
87 619
619 893
893 93
93 732
732 351
351 573
573 39
39 159
159 590
590 247
247 111
111 750
750 253
253 925
985 146
146 658
658 189
189 196
196 174
174 394
394 546
546 777
986 455
455 929
929 796
796 103
103 121
121 126
126 880
880 914
914 213
213 499
499 808
808 306
306 584
584 511
511 231
231 975
975 23
23 821
821 222
222 486
486 923
923 475
987 411
411 70
70 133
133 952
952 266
266 660
660 346
346 812
812 789
988 802
802 741
741 937
937 905
905 214
214 63
63 138
138 129
129 628
628 989
989 289
289 287
287 925
925 152
152 518
518 900
990 175
175 692
692 475
475 661
661 615
615 950
950 424
424 685
685 436
436 377
377 303
303 448
448 75
75 467
467 589
589 877
877 561
561 526
526 135
135 775
775 942
942 273
273 256
256 922
922 262
262 897
897 209
209 188
188 50
50 80
991 440
440 577
577 772
772 915
915 239
239 739
739 218
218 15
15 777
992 654
654 392
392 80
80 102
102 468
993 900
900 691
691 697
697 813
813 569
569 832
832 940
940 863
863 457
457 549
549 786
786 72
72 446
446 995
994 612
995 848
848 427
427 52
52 426
426 199
199 320
320 17
17 291
291 538
538 384
384 68
68 544
544 777
777 500
500 998
996 597
597 400
400 41
41 646
646 565
565 610
610 831
831 506
506 826
826 288
997 55
55 612
612 712
712 853
853 959
998 324
324 702
702 387
387 729
729 480
480 938
938 49
49 849
849 581
581 939
939 233
233 649
649 483
483 362
362 150
150 481
481 959
959 902
902 522
522 958
958 468
468 484
484 789
789 326
326 310
310 77
77 381
381 274
274 142
142 234
999 234
234 466
466 288
288 973
973 195
195 768
768 263
263 0