999
3 840
4 550
8 867
9 854
12 585
13 154
14 384
15 925
17 361
19 608
20 41
30 745
31 759
36 706
37 713
41 176
47 828
48 62
49 459
52 852
60 57
61 82
62 108
67 204
68 110
74 611
76 188
79 398
80 616
81 245
83 706
94 809
96 796
110 573
112 663
114 733
115 727
117 399
120 658
122 440
126 7
128 51
130 185
136 119
138 757
140 250
144 295
145 937
146 312
148 106
106 141
141 369
149 540
151 250
157 925
159 650
160 213
163 113
113 401
164 181
165 359
171 107
172 990
174 507
175 32
32 5
5 240
180 760
182 404
185 251
189 552
200 764
202 302
205 90
208 883
212 412
215 340
217 530
218 701
220 653
223 636
225 843
226 374
229 176
231 93
93 300
235 179
236 658
238 413
239 580
240 839
241 124
245 39
247 830
251 631
252 71
254 187
257 224
224 183
260 592
266 475
270 736
272 708
273 129
275 178
283 591
291 541
293 518
298 121
121 243
243 523
300 109
109 438
302 898
305 285
306 883
307 198
312 816
314 541
321 963
323 396
325 732
328 440
329 435
331 562
333 423
337 507
338 102
339 647
340 42
341 46
46 474
344 778
346 754
348 604
349 308
308 345
350 497
352 179
179 818
353 92
92 702
355 927
356 530
357 952
358 564
359 765
361 502
362 381
363 658
364 818
365 777
366 391
370 258
258 565
371 953
376 681
378 424
379 407
380 681
382 466
383 453
386 155
387 597
388 207
207 111
390 905
392 904
395 961
396 84
397 722
400 53
409 139
413 649
415 936
416 91
419 214
214 701
421 594
424 947
427 712
430 764
431 724
433 103
434 22
437 641
438 408
439 55
440 65
65 816
442 88
443 532
445 269
446 244
244 129
448 477
450 707
451 34
453 381
381 668
455 471
458 456
456 722
459 610
463 105
105 10
10 53
468 671
469 63
63 999
470 970
471 775
475 763
476 695
480 878
481 137
485 688
488 287
492 193
494 754
495 103
497 281
281 286
286 724
498 877
500 767
502 201
201 937
505 801
507 935
509 605
510 624
514 391
517 679
520 234
234 848
521 689
526 288
527 872
528 753
532 287
535 842
536 880
538 51
51 889
539 759
540 188
541 578
542 398
543 733
544 332
332 853
545 367
367 970
549 577
550 596
553 737
554 779
557 533
533 890
558 66
561 139
139 515
562 457
457 170
563 749
565 657
566 860
567 389
570 529
529 965
571 29
572 372
372 845
574 432
432 261
261 956
577 972
578 191
585 706
586 706
587 523
523 559
559 425
425 493
588 489
589 373
592 582
593 620
594 907
595 473
596 686
604 398
398 988
606 143
143 568
568 89
607 152
610 780
613 831
615 682
616 97
617 860
618 406
406 295
620 292
292 667
623 603
603 264
624 211
625 310
626 322
322 734
628 221
221 99
99 580
629 710
631 473
632 162
635 330
636 732
637 987
638 16
639 482
482 975
640 511
511 50
50 417
642 664
643 183
649 600
650 698
652 280
280 460
460 104
654 927
655 104
656 123
657 531
531 368
368 334
660 193
662 43
43 69
663 414
414 142
664 1
665 125
666 967
667 515
668 807
672 699
674 503
503 176
675 181
676 830
677 687
678 584
584 599
599 703
680 119
119 199
199 401
401 751
686 659
688 857
689 679
679 763
691 981
692 210
694 484
484 315
315 403
697 879
699 736
701 169
169 21
21 89
702 646
646 989
705 605
605 454
454 40
40 108
108 630
630 222
222 290
706 669
707 158
708 890
709 725
710 277
711 89
712 478
716 28
718 749
723 336
725 59
59 864
733 317
317 269
736 700
700 984
737 24
24 579
738 73
740 194
194 601
601 162
162 840
741 942
742 767
743 294
745 334
334 227
227 276
276 556
747 518
749 946
750 66
66 408
408 23
23 695
695 849
752 501
501 724
724 598
753 837
755 783
756 815
759 506
762 405
405 515
764 491
765 429
429 95
95 916
768 975
769 696
696 78
78 816
771 990
774 198
776 462
462 324
324 777
777 91
91 233
233 295
295 389
778 299
299 55
55 412
780 347
788 905
791 913
793 71
71 855
795 751
796 206
206 670
797 609
609 963
802 186
186 100
803 393
806 633
807 16
808 720
809 681
810 447
447 888
811 671
671 645
645 703
812 347
347 422
422 794
794 580
813 70
70 183
183 232
232 477
477 947
814 579
817 734
734 860
819 2
2 590
590 963
820 560
560 612
822 573
823 524
524 150
150 25
25 269
269 783
826 394
394 989
827 464
464 841
828 230
829 135
830 838
831 933
832 835
837 612
612 727
838 767
839 34
34 262
841 351
351 512
512 209
209 282
842 246
246 69
847 284
848 188
188 385
385 197
850 801
851 958
852 73
73 951
853 335
335 342
342 87
854 729
729 683
683 551
856 922
857 913
859 39
39 760
760 846
846 874
860 373
373 925
861 641
862 407
866 187
867 345
345 271
271 748
869 627
627 870
870 170
872 264
873 58
58 555
555 461
875 211
211 865
876 534
877 515
515 552
552 228
228 602
602 282
282 911
879 153
880 204
881 177
177 192
192 965
882 375
375 418
418 690
690 653
653 412
412 449
886 840
890 757
757 721
721 941
892 384
384 591
893 111
895 648
648 1
1 18
18 461
461 213
213 883
898 995
899 728
728 435
435 575
900 330
330 69
69 487
487 835
835 274
274 16
901 28
904 591
591 391
391 798
798 633
633 44
905 210
210 82
82 237
237 319
319 155
155 530
530 704
906 746
746 641
641 704
907 100
100 659
659 166
908 313
313 894
894 513
513 393
393 681
909 89
911 75
913 751
751 928
914 910
910 377
915 944
917 290
290 320
320 687
918 89
89 953
919 84
84 651
651 35
35 673
673 971
920 191
191 203
203 27
922 289
289 196
196 731
731 389
389 855
855 249
924 54
54 101
926 763
928 799
932 782
782 204
204 874
874 885
885 132
132 785
785 262
262 428
933 75
75 582
582 467
467 516
516 887
887 551
551 168
168 923
923 576
934 491
935 466
466 131
131 518
518 107
936 327
937 249
249 849
849 534
534 499
499 903
903 987
938 614
614 703
939 770
770 818
940 929
929 7
7 950
941 714
942 622
622 730
943 142
142 556
556 197
197 658
658 444
944 101
946 178
178 719
719 29
29 669
669 537
537 161
161 187
187 644
644 840
840 789
789 845
947 727
948 288
288 101
101 714
714 902
902 156
950 836
836 72
72 85
85 844
951 22
22 800
800 818
952 104
104 294
294 374
953 301
954 304
304 818
818 754
955 483
483 889
889 784
784 504
504 426
426 297
297 44
44 423
423 137
137 833
833 268
268 864
864 473
473 369
957 931
931 727
727 525
525 767
958 799
799 611
611 963
960 173
173 763
763 781
781 277
961 57
57 156
156 930
930 713
713 326
326 685
962 548
548 216
963 821
821 53
53 994
964 118
118 449
449 417
417 255
255 634
634 38
38 472
472 107
107 407
965 403
966 834
834 285
285 170
170 985
967 896
896 486
486 158
158 11
11 267
267 787
787 420
420 775
775 717
717 133
133 102
102 754
754 682
968 670
670 575
575 87
87 16
16 693
693 888
888 786
786 949
969 522
522 824
824 773
773 981
970 583
583 176
176 167
167 868
868 698
698 152
152 116
116 184
184 310
971 127
127 452
452 97
97 547
547 579
579 166
166 33
33 681
681 921
921 715
715 703
703 496
496 154
972 720
973 190
190 42
42 858
858 491
974 916
916 682
682 264
264 897
897 265
976 792
792 64
64 134
134 490
490 216
216 250
250 27
27 878
878 730
730 479
479 327
327 277
277 410
410 493
493 310
977 444
444 766
766 377
979 147
980 263
263 883
883 219
981 805
805 925
925 77
77 296
296 193
193 111
982 912
912 90
90 377
377 704
704 154
154 863
863 546
546 722
722 465
465 573
573 600
600 195
195 404
404 279
279 825
825 815
815 125
125 135
135 259
259 891
983 865
865 758
758 506
506 748
984 978
985 311
311 26
26 407
407 959
959 219
219 519
519 871
871 310
310 248
986 927
927 816
987 111
111 474
474 891
891 576
576 399
989 843
843 124
124 804
804 123
123 949
990 619
619 248
248 436
436 230
230 491
491 301
301 988
988 998
991 402
402 318
318 309
992 428
428 726
993 621
621 647
647 597
597 844
844 309
994 845
995 772
996 478
478 956
956 598
598 369
369 884
884 997
997 564
564 360
360 153
153 687
687 309
309 772
772 287
287 98
98 354
354 779
779 399
399 343
343 129
998 801
801 661
661 790
790 581
999 739
739 411
411 581
581 336
336 256
256 242
242 181
181 28
28 720
720 489
489 978
978 441
441 726
726 975
975 6
6 86
86 129
129 45
45 748
748 253
253 685
685 198
198 608
608 816
816 949
949 303
303 945
945 103
103 316
316 735
735 684
684 56
56 147
147 265
265 744
744 403
403 508
508 278
278 783
783 580
580 767
767 761
761 374
374 845
845 88
88 732
732 284
284 569
569 0